S:0 T:0.3569 Ecp: 0.5354 
P:0 
-6.1107 -0.4653 3.3847 , -1.242 0.0404 0.4589 
P:1 
-7.4695 3.6045 3.6538 , -0.0924 0.5231 0.7857 
P:2 
-7.9629 6.0434 -4.8128 , -0.554 -0.4807 -0.7065 
P:3 
-6.2093 -4.7015 0.7069 , 0.0244 0.9874 -0.3483 
P:4 
-2.2725 4.5944 0.1836 , -0.3054 -0.2844 0.3196 
P:5 
-6.8488 -9.3531 -9.0353 , -0.5938 0.7065 0.1092 
P:6 
-0.9443 7.3923 -0.4406 , -0.1492 -0.4547 0.6403 
P:7 
9.7728 1.6266 4.4269 , -0.2075 -0.0158 -0.6658 
P:8 
2.9078 7.5785 -7.9736 , -0.0393 -0.5364 -0.0354 
P:9 
-4.0375 2.7846 1.6335 , -1.502 0.2762 -1.0155 
S:1 T:0.3569 Ecp: 0.5354 
P:0 
-6.2349 -0.4613 3.4306 , -1.242 0.0404 0.4589 
P:1 
-7.4787 3.6568 3.7324 , -0.0924 0.5231 0.7857 
P:2 
-8.0183 5.9953 -4.8834 , -0.554 -0.4807 -0.7065 
P:3 
-6.2069 -4.6028 0.6721 , 0.0244 0.9874 -0.3483 
P:4 
-2.303 4.566 0.2156 , -0.3054 -0.2844 0.3196 
P:5 
-6.9082 -9.2824 -9.0244 , -0.5938 0.7065 0.1092 
P:6 
-0.9592 7.3468 -0.3766 , -0.1492 -0.4547 0.6403 
P:7 
9.752 1.625 4.3603 , -0.2075 -0.0158 -0.6658 
P:8 
2.9039 7.5249 -7.9771 , -0.0393 -0.5364 -0.0354 
P:9 
-4.1877 2.8122 1.532 , -1.502 0.2762 -1.0155 
S:2 T:0.3569 Ecp: 0.5354 
P:0 
-6.3591 -0.4573 3.4765 , -1.242 0.0404 0.4589 
P:1 
-7.4879 3.7091 3.811 , -0.0924 0.5231 0.7857 
P:2 
-8.0737 5.9472 -4.954 , -0.554 -0.4807 -0.7065 
P:3 
-6.2045 -4.5041 0.6373 , 0.0244 0.9874 -0.3483 
P:4 
-2.3335 4.5376 0.2476 , -0.3054 -0.2844 0.3196 
P:5 
-6.9676 -9.2118 -9.0135 , -0.5938 0.7065 0.1092 
P:6 
-0.9741 7.3013 -0.3126 , -0.1492 -0.4547 0.6403 
P:7 
9.7313 1.6234 4.2937 , -0.2075 -0.0158 -0.6658 
P:8 
2.9 7.4713 -7.9806 , -0.0393 -0.5364 -0.0354 
P:9 
-4.3379 2.8398 1.4304 , -1.502 0.2762 -1.0155 
S:3 T:0.3569 Ecp: 0.5354 
P:0 
-6.4833 -0.4533 3.5224 , -1.242 0.0404 0.4589 
P:1 
-7.4971 3.7614 3.8896 , -0.0924 0.5231 0.7857 
P:2 
-8.1291 5.8991 -5.0246 , -0.554 -0.4807 -0.7065 
P:3 
-6.2021 -4.4054 0.6025 , 0.0244 0.9874 -0.3483 
P:4 
-2.364 4.5092 0.2796 , -0.3054 -0.2844 0.3196 
P:5 
-7.027 -9.1412 -9.0026 , -0.5938 0.7065 0.1092 
P:6 
-0.989 7.2558 -0.2486 , -0.1492 -0.4547 0.6403 
P:7 
9.7106 1.6218 4.2271 , -0.2075 -0.0158 -0.6658 
P:8 
2.8961 7.4177 -7.9841 , -0.0393 -0.5364 -0.0354 
P:9 
-4.4881 2.8674 1.3288 , -1.502 0.2762 -1.0155 
S:4 T:0.3569 Ecp: 0.5354 
P:0 
-6.6075 -0.4493 3.5683 , -1.242 0.0404 0.4589 
P:1 
-7.5063 3.8137 3.9682 , -0.0924 0.5231 0.7857 
P:2 
-8.1845 5.851 -5.0952 , -0.554 -0.4807 -0.7065 
P:3 
-6.1997 -4.3067 0.5677 , 0.0244 0.9874 -0.3483 
P:4 
-2.3945 4.4808 0.3116 , -0.3054 -0.2844 0.3196 
P:5 
-7.0864 -9.0705 -8.9917 , -0.5938 0.7065 0.1092 
P:6 
-1.0039 7.2103 -0.1846 , -0.1492 -0.4547 0.6403 
P:7 
9.6898 1.6202 4.1605 , -0.2075 -0.0158 -0.6658 
P:8 
2.8922 7.3641 -7.9876 , -0.0393 -0.5364 -0.0354 
P:9 
-4.6383 2.895 1.2272 , -1.502 0.2762 -1.0155 
S:5 T:0.3569 Ecp: 0.5354 
P:0 
-6.7317 -0.4453 3.6142 , -1.242 0.0404 0.4589 
P:1 
-7.5155 3.866 4.0468 , -0.0924 0.5231 0.7857 
P:2 
-8.2399 5.8029 -5.1658 , -0.554 -0.4807 -0.7065 
P:3 
-6.1973 -4.208 0.5329 , 0.0244 0.9874 -0.3483 
P:4 
-2.425 4.4524 0.3436 , -0.3054 -0.2844 0.3196 
P:5 
-7.1458 -8.9998 -8.9808 , -0.5938 0.7065 0.1092 
P:6 
-1.0188 7.1648 -0.1206 , -0.1492 -0.4547 0.6403 
P:7 
9.669 1.6186 4.0939 , -0.2075 -0.0158 -0.6658 
P:8 
2.8883 7.3105 -7.9911 , -0.0393 -0.5364 -0.0354 
P:9 
-4.7885 2.9226 1.1256 , -1.502 0.2762 -1.0155 
S:6 T:0.3569 Ecp: 0.5354 
P:0 
-6.8559 -0.4413 3.6601 , -1.242 0.0404 0.4589 
P:1 
-7.5247 3.9183 4.1254 , -0.0924 0.5231 0.7857 
P:2 
-8.2953 5.7548 -5.2364 , -0.554 -0.4807 -0.7065 
P:3 
-6.1949 -4.1093 0.4981 , 0.0244 0.9874 -0.3483 
P:4 
-2.4555 4.424 0.3756 , -0.3054 -0.2844 0.3196 
P:5 
-7.2052 -8.9292 -8.9699 , -0.5938 0.7065 0.1092 
P:6 
-1.0337 7.1193 -0.0566 , -0.1492 -0.4547 0.6403 
P:7 
9.6483 1.617 4.0273 , -0.2075 -0.0158 -0.6658 
P:8 
2.8844 7.2569 -7.9946 , -0.0393 -0.5364 -0.0354 
P:9 
-4.9387 2.9502 1.024 , -1.502 0.2762 -1.0155 
S:7 T:0.3569 Ecp: 0.5354 
P:0 
-6.9801 -0.4373 3.706 , -1.242 0.0404 0.4589 
P:1 
-7.5339 3.9706 4.204 , -0.0924 0.5231 0.7857 
P:2 
-8.3507 5.7067 -5.307 , -0.554 -0.4807 -0.7065 
P:3 
-6.1925 -4.0106 0.4633 , 0.0244 0.9874 -0.3483 
P:4 
-2.486 4.3956 0.4076 , -0.3054 -0.2844 0.3196 
P:5 
-7.2646 -8.8585 -8.959 , -0.5938 0.7065 0.1092 
P:6 
-1.0486 7.0738 0.0074 , -0.1492 -0.4547 0.6403 
P:7 
9.6276 1.6154 3.9607 , -0.2075 -0.0158 -0.6658 
P:8 
2.8805 7.2033 -7.9981 , -0.0393 -0.5364 -0.0354 
P:9 
-5.0889 2.9778 0.9224 , -1.502 0.2762 -1.0155 
S:8 T:0.3569 Ecp: 0.5354 
P:0 
-7.1043 -0.4333 3.7519 , -1.242 0.0404 0.4589 
P:1 
-7.5431 4.0229 4.2826 , -0.0924 0.5231 0.7857 
P:2 
-8.4061 5.6586 -5.3776 , -0.554 -0.4807 -0.7065 
P:3 
-6.1901 -3.9119 0.4285 , 0.0244 0.9874 -0.3483 
P:4 
-2.5165 4.3672 0.4396 , -0.3054 -0.2844 0.3196 
P:5 
-7.324 -8.7878 -8.9481 , -0.5938 0.7065 0.1092 
P:6 
-1.0635 7.0283 0.0714 , -0.1492 -0.4547 0.6403 
P:7 
9.6068 1.6138 3.8941 , -0.2075 -0.0158 -0.6658 
P:8 
2.8766 7.1497 -8.0016 , -0.0393 -0.5364 -0.0354 
P:9 
-5.2391 3.0054 0.8208 , -1.502 0.2762 -1.0155 
S:9 T:0.3569 Ecp: 0.5354 
P:0 
-7.2285 -0.4293 3.7978 , -1.242 0.0404 0.4589 
P:1 
-7.5523 4.0752 4.3612 , -0.0924 0.5231 0.7857 
P:2 
-8.4615 5.6105 -5.4482 , -0.554 -0.4807 -0.7065 
P:3 
-6.1877 -3.8132 0.3937 , 0.0244 0.9874 -0.3483 
P:4 
-2.547 4.3388 0.4716 , -0.3054 -0.2844 0.3196 
P:5 
-7.3834 -8.7172 -8.9372 , -0.5938 0.7065 0.1092 
P:6 
-1.0784 6.9828 0.1354 , -0.1492 -0.4547 0.6403 
P:7 
9.586 1.6122 3.8275 , -0.2075 -0.0158 -0.6658 
P:8 
2.8727 7.0961 -8.0051 , -0.0393 -0.5364 -0.0354 
P:9 
-5.3893 3.033 0.7192 , -1.502 0.2762 -1.0155 
S:10 T:0.3569 Ecp: 0.5354 
P:0 
-7.3527 -0.4253 3.8437 , -1.242 0.0404 0.4589 
P:1 
-7.5615 4.1275 4.4398 , -0.0924 0.5231 0.7857 
P:2 
-8.5169 5.5624 -5.5188 , -0.554 -0.4807 -0.7065 
P:3 
-6.1853 -3.7145 0.3589 , 0.0244 0.9874 -0.3483 
P:4 
-2.5775 4.3104 0.5036 , -0.3054 -0.2844 0.3196 
P:5 
-7.4428 -8.6466 -8.9263 , -0.5938 0.7065 0.1092 
P:6 
-1.0933 6.9373 0.1994 , -0.1492 -0.4547 0.6403 
P:7 
9.5652 1.6106 3.7609 , -0.2075 -0.0158 -0.6658 
P:8 
2.8688 7.0425 -8.0086 , -0.0393 -0.5364 -0.0354 
P:9 
-5.5395 3.0606 0.6176 , -1.502 0.2762 -1.0155 
