-1.0704213947935841
-0.9252296402468627
-0.989317151997365
0.11693327693158032
1.9682143845663402
1.6255933498891546
-0.07005856275130395
0.23005215192199818
1.8575635668920587
0.1343360733312828
-0.40007470885962754
-0.4981087135355276
-1.1083735656774234
0.9863502696833099
0.2346902840739005
2.68154501684982
-0.1061238991922269
0.6932601536586243
-0.5390869075258906
0.9756180998687441
0.26631544498753146
0.0617919747000127
-1.412593520793644
0.3754865318108297
1.5427468780233216
0.020908396286691687
-0.5653673397680086
-0.8543814642768732
0.14460685835675902
1.5290079712806128
0.1326135965832901
0.5579379846563508
1.7173651480864163
-0.11384359537514349
-1.0956445466995317
1.2873639545751765
-0.31108386982661723
0.19736799109402975
-0.5389475721527005
-0.4002064788773347
-1.305406273311799
0.7408708866315203
-0.6566004846939386
-0.8197745008136458
2.1883334949105673
-1.4965115782951732
0.002809716623848945
-1.1492733762346143
1.5327030297330033
0.03346179011541683
0.6610366259692133
-0.8799374597551828
-0.5539147282171354
-0.07569236328048863
-0.017818649284926165
-1.1219258364375058
-0.4780768350920486
0.9902267914090517
1.2534398358406398
-0.7528076187435158
-0.049876534421335654
-2.240509064532762
-1.2470496086892109
0.03354674008047495
-0.7815536632972374
-1.8963815201839718
-1.7008907126798953
0.9698917045040159
-0.24282098964438859
0.523903319024395
-0.08518761671139227
-1.5678308383714277
-0.9156088634465954
0.5250116375618585
1.7718888351636783
0.5117309948724167
-0.6876267948264415
0.19009371587907456
-0.5995793709788042
0.00889587853102947
0.8419528865136491
0.2933600368307229
0.047602121031454586
-1.3033841225507883
0.1755823379837106
0.23738896396782683
1.0596977472076698
-0.7645808631686333
0.3169262508615396
-1.6822848999503581
-0.8460864786956444
-1.164745555009117
-1.9058285782236102
1.5031706554479907
-0.29197193834025326
-0.5512764494963737
-0.33529744546650225
1.0801227978342116
1.278031549557774
-1.462215555220709
